zip code list - On or east the san andreas fault
95558
95589
95587
95585
95488	
95437
95420
95460
95456
95410
95432
95466
95459
95468
95445
95412
95421
95450
95465
94922
94972
94971
94940
94946
94960
94930
94941
94965
94941
94803
94530
94708
94611
94605
94577
94541
94544
94560
94538
94587
94536
94560
94538
94043
94089

94024
95051
95124
95125
95124
95032
95120
95141
95037
95046
95020
95023
95043
93210
93204
93249
93251
93224
93268
93225
93506
93536
93203
93552
93543
93544
92372
92371
92344
92407
92325
92321
92382
92359
92339
92256
92241
92239
92283










